#Max power of nodes
#220.000000 160.100000 240.000000 220.000000 180.000000 
300.000000 300.00000 300.000000 300.000000 300.000000 
#Static power of nodes
#0.200000 0.400000 0.400000 0.300000 0.400000 
0.500000 0.500000 0.500000 0.500000 0.500000 
 
#Resource requests for the VMs
0.100000 0.600000 0.600000 0.500000 0.200000 0.500000 0.300000 0.200000 0.200000 0.800000 
0.200000 0.400000 0.200000 0.500000 0.200000 1.000000 0.300000 0.200000 0.400000 0.600000 

#Available resources on the nodes
2.200000 2.200000 2.200000 2.200000 2.200000 
2.600000 2.600000 2.600000 2.600000 2.600000 

#Downtime for the VMs
3.000000 3.000000 3.000000 2.000000 3.000000 2.000000 1.000000 2.000000 3.000000 3.000000 
 
#SLA for the VMs
4.000000 3.000000 4.000000 3.000000 3.000000 4.000000 3.000000 3.000000 4.000000 3.000000 
 
#Initial Allocation for the nodes
1 1 0 0 0 1 0 0 0 0 
0 0 0 0 0 0 0 1 1 0 
0 0 0 0 1 0 0 0 0 0 
0 0 1 0 0 0 0 0 0 1 
0 0 0 1 0 0 1 0 0 0 
