#Max power of nodes
270.000000 240.000000 290.000000 160.100000 270.000000 270.000000 260.000000 180.000000 260.000000 190.000000 180.000000 180.000000 290.000000 160.100000 190.000000 160.100000 220.000000 160.100000 290.000000 180.000000 
 
#Static power of nodes
0.200000 0.200000 0.300000 0.200000 0.400000 0.200000 0.200000 0.200000 0.200000 0.200000 0.300000 0.400000 0.300000 0.200000 0.200000 0.400000 0.400000 0.300000 0.200000 0.400000 
 
#Resource requests for the VMs
0.300000 0.300000 0.600000 0.100000 0.100000 0.600000 0.500000 0.500000 0.600000 0.600000 
0.900000 0.400000 0.800000 0.700000 0.500000 0.200000 0.900000 0.500000 0.700000 0.800000 

#Available resources on the nodes
0.400000 1.600000 1.600000 1.600000 3.200000 2.400000 2.400000 0.400000 0.400000 1.600000 2.400000 3.200000 2.000000 0.400000 2.400000 0.400000 0.400000 2.000000 1.200000 2.000000 
3.200000 2.400000 3.200000 1.200000 3.200000 6.400000 4.000000 0.400000 1.600000 1.600000 3.200000 2.400000 4.000000 1.600000 0.800000 1.500000 3.200000 0.800000 1.600000 2.000000 

#Downtime for the VMs
5.000000 2.000000 2.000000 5.000000 2.000000 5.000000 1.000000 2.000000 2.000000 1.000000 
 
#SLA for the VMs
10.000000 20.000000 20.000000 10.000000 10.000000 10.000000 20.000000 20.000000 10.000000 20.000000 
 
#Initial Allocation for the nodes
0 0 0 0 0 0 0 0 0 0 
0 0 0 0 0 0 0 0 0 1 
0 0 0 0 0 1 0 0 0 0 
0 0 0 1 0 0 0 0 0 0 
1 0 0 0 0 0 0 1 0 0 
0 0 0 0 0 0 1 0 0 0 
0 0 0 0 0 0 0 0 0 0 
0 0 0 0 0 0 0 0 0 0 
0 0 0 0 0 0 0 0 0 0 
0 0 1 0 0 0 0 0 0 0 
0 0 0 0 0 0 0 0 1 0 
0 0 0 0 0 0 0 0 0 0 
0 1 0 0 0 0 0 0 0 0 
0 0 0 0 0 0 0 0 0 0 
0 0 0 0 0 0 0 0 0 0 
0 0 0 0 1 0 0 0 0 0 
0 0 0 0 0 0 0 0 0 0 
0 0 0 0 0 0 0 0 0 0 
0 0 0 0 0 0 0 0 0 0 
0 0 0 0 0 0 0 0 0 0 
#Number of active Nodes before consolidation: 9